1640894254.796684 0x02bc 522 47 5.420879516601563
1640894256.024303 0x02bc 486 77 5.047025756835938
1640894258.002443 0x02bc 459 137 4.766635437011719
1640894259.792887 0x02bc 413 156 4.288933410644532
1640894261.086843 0x02bc 304 181 3.1569873046875
1640894262.89208 0x02bc 129 124 1.3396426391601564
1640894264.34469 0x02bc 126 111 1.3084881591796875
1640894291.449394 0x02bc 486 118 5.047025756835938
1640894292.772545 0x02bc 462 147 4.797789916992188
1640894294.692202 0x02bc 367 157 3.811231384277344
1640894296.592478 0x02bc 236 119 2.450819091796875
1640894297.973612 0x02bc 162 125 1.6823419189453126
1640894299.775036 0x02bc 135 49 1.4019515991210938
1640894324.450303 0x02bc 504 49 5.23395263671875
1640894325.892322 0x02bc 492 83 5.109334716796876
1640894327.078026 0x02bc 449 90 4.662787170410157
1640894328.562119 0x02bc 367 138 3.811231384277344
1640894330.419072 0x02bc 293 115 3.0427542114257813
1640894332.078411 0x02bc 225 75 2.3365859985351562
1640894333.315116 0x02bc 160 45 1.661572265625
1640894360.960484 0x02bc 434 60 4.507014770507813
1640894362.068537 0x02bc 584 124 6.0647387695312505
1640894363.725651 0x02bc 317 155 3.2919900512695315
1640894365.553998 0x02bc 295 66 3.063523864746094
1640894367.056418 0x02bc 237 46 2.4612039184570316
1640894392.491857 0x02bc 520 49 5.4001098632812505
1640894393.766314 0x02bc 477 58 4.953562316894532
1640894394.808893 0x02bc 420 94 4.3616271972656255
1640894396.752283 0x02bc 319 97 3.312759704589844
1640894397.843966 0x02bc 317 89 3.2919900512695315
1640894398.972807 0x02bc 318 64 3.3023748779296875
1640894425.553318 0x02bc 546 44 5.670115356445313
1640894427.517476 0x02bc 484 50 5.0262561035156255
1640894429.143992 0x02bc 374 99 3.8839251708984377
1640894430.935978 0x02bc 324 45 3.364683837890625
1640894444.728285 0x02bc 204 101 2.118504638671875
1640894446.212805 0x02bc 163 101 1.6927267456054689
1640894447.988134 0x02bc 112 45 1.1631005859375
1640894449.529478 0x02bc 100 43 1.038482666015625
1640894451.173495 0x02bc 98 72 1.0177130126953127
1640894452.661827 0x02bc 89 92 0.9242495727539063
1640894454.205016 0x02bc 77 90 0.7996316528320313
1640894456.098571 0x02bc 51 106 0.5296261596679688
1640894457.850066 0x02bc 35 108 0.3634689331054688
1640894459.013087 0x02bc 36 108 0.373853759765625
1640894460.607853 0x02bc 36 106 0.373853759765625
1640894461.892274 0x02bc 35 106 0.3634689331054688
1640894462.937854 0x02bc 35 106 0.3634689331054688
1640894464.408099 0x02bc 36 106 0.373853759765625
1640894465.540706 0x02bc 36 107 0.373853759765625
1640894467.443478 0x02bc 34 108 0.3530841064453125
1640894468.502582 0x02bc 35 106 0.3634689331054688
1640894469.524399 0x02bc 35 106 0.3634689331054688
1640894471.075656 0x02bc 35 107 0.3634689331054688
1640894472.325431 0x02bc 36 108 0.373853759765625
1640894473.517542 0x02bc 36 108 0.373853759765625
1640894475.098991 0x02bc 35 108 0.3634689331054688
1640894476.535658 0x02bc 36 108 0.373853759765625
1640894478.320755 0x02bc 35 107 0.3634689331054688
1640894480.162516 0x02bc 36 107 0.373853759765625
1640894481.286054 0x02bc 35 107 0.3634689331054688
1640894482.435909 0x02bc 37 108 0.3842385864257813
